$ANSIBLE_VAULT;1.1;AES256
63346532636165313235626437613964393735383030333464643436343565646330656537366335
3861653764336265376137663634383137623262353066640a336333643039623437316265323266
66353465623565653833373934633935343530316530626337336137393366613434393234386438
6361313430616432320a353734323237656332636132366531386563613930633466303038306165
36643530643863323565343665333439323135616434383938333735303438356638633839343261
61306666666532373333613834336334316531393464396561653038386533616361343265633636
37656535623139363038333937633662326330306436623933636466643334633263623061326365
34306561373361613361316232313933623134613263323933663837303337323864643261646238
36633966626231666261646538376432646534633837393263643366613630353466663066646261
39623364643038396432616265643732616435393431373732386631353963613335393566343233
32623464646333343161353064643365626263313830333763343634623238303939303734313533
36316466663133616434616539636337323963626134323061346263613136366535383632616561
35656635646164383030313031386466373065643665346533306164363637306666633935393739
38306566663338313363336165336230303466313765363031636631353537623938646230383665
62313734383263656363623232636466356232613465663637656436326562343633316435373532
35643064383462643332656432663165643463653038363761613265386364623637643461383363
61386130353039343262616133383030623932356236333234323433393735616635393332623861
39303633383338346436626235326665366530613766393864613666643939343838393631303463
39376565363437396535323061613133353563363166636165393266663561323164303262323530
64333063356237353639373363306466393661386239616136626162653764393438326330666331
31353833373363656163646130616531396439303364623139333438313530616362393034363430
30383437356334343839333435386335376132613235323632343039386464336131376464316231
32616334373965383532613462346237613261316131386632313263336632663033363433373563
32386464653864323239376363643437353966663738333231333466626638616432366665386266
61323663363566663739376261333262346231363037366132343433343763616663
